   10
seq1        0.000000  0.229834  0.277512  0.844964  0.843654  0.933154
  1.034034  0.939150  0.974754  1.057683
seq2        0.229834  0.000000  0.243329  0.795233  0.796664  0.936945
  1.019764  0.961774  1.005524  1.078577
seq3        0.277512  0.243329  0.000000  0.833575  0.842586  0.995537
  1.072715  0.994256  1.015490  1.100084
seq4        0.844964  0.795233  0.833575  0.000000  0.360767  1.029473
  1.044539  1.011720  1.302469  1.416486
seq5        0.843654  0.796664  0.842586  0.360767  0.000000  1.028081
  1.048998  1.029122  1.331343  1.469199
seq6        0.933154  0.936945  0.995537  1.029473  1.028081  0.000000
  0.721706  0.722266  1.407981  1.497322
seq7        1.034034  1.019764  1.072715  1.044539  1.048998  0.721706
  0.000000  0.493582  1.389491  1.479728
seq8        0.939150  0.961774  0.994256  1.011720  1.029122  0.722266
  0.493582  0.000000  1.334712  1.431717
seq9        0.974754  1.005524  1.015490  1.302469  1.331343  1.407981
  1.389491  1.334712  0.000000  0.748671
seq10       1.057683  1.078577  1.100084  1.416486  1.469199  1.497322
  1.479728  1.431717  0.748671  0.000000
